auc_roc:0.907687194053401
auc_pr:0.158924046232268
